100
1 4 22
2 4 9 18
1 3 11
2 3 8
1 2 29
6 15
1 2 12
5 6
1 3 24
5 9 19
1 1 26
3
1 3 6
1 4 6
1 1 1
1
1 2 14
8 11
1 3 6
1 2 5
1 3 15
1 9 15
1 2 24
5 20
1 3 16
4 8 16
1 3 25
5 6 13
1 2 6
5 6
1 4 25
12 15 20 25
1 1 30
1
1 1 10
5
1 2 26
1 23
1 3 12
2 10 11
1 1 28
1
1 1 24
5
1 2 26
3 4
1 1 25
2
1 2 9
3 8
1 3 24
12 20 24
1 4 19
3 5 10 19
1 5 30
1 2 4 8 15
1 1 15
15
1 1 27
27
1 3 24
2 22 24
1 1 4
3
1 2 9
3 8
1 1 24
20
1 3 20
4 6 13
1 2 25
8 24
1 3 28
21 23 27
1 3 13
7 9 13
1 1 7
1
1 1 29
28
1 2 28
3 27
1 3 16
3 6 13
1 2 21
11 21
1 2 27
7 18
1 1 3
3
1 1 7
2
1 4 28
3 7 13 27
1 1 4
2
1 1 1
1
1 1 14
3
1 4 29
4 7 16 28
1 2 30
6 24
1 2 26
19 24
1 1 2
1
1 2 23
15 19
1 4 29
21 22 25 29
1 3 12
2 3 8
1 2 3
1 2
1 5 16
1 2 4 8 16
1 1 23
2
1 1 22
1
1 3 20
5 13 17
1 1 21
14
1 1 1
1
1 4 27
1 3 6 15
1 1 30
30
1 2 7
6 7
1 2 22
1 4
1 3 27
5 7 17
1 5 5
1 2 3 4 5
1 2 25
22 25
1 2 18
4 9
1 1 1
1
1 3 29
20 22 27
1 3 20
4 8 15
1 4 16
1 2 4 8
1 3 8
5 7 8
1 2 5
2 3
1 1 30
13
1 3 19
12 18 19
1 1 14
5
1 1 27
14
1 3 14
4 8 13
1 3 30
15 22 29
1 3 17
3 6 10
1 3 22
4 9 16
1 2 22
12 22
1 1 27
27
1 3 12
3 4 9
1 4 24
2 6 12 22
1 3 23
18 21 23
1 2 9
2 6
1 2 22
15 21
1 3 18
3 7 15
1 2 26
7 22
1 2 2
1 2
1 2 27
3 7
1 2 18
16 18
1 3 20
5 7 13
1 2 20
4 17
