100
6 3745834
6 2201222
6 0008401
4 11111
2 222
2 201
6 2021022
6 1111111
2 001
5 120201
6 0020222
6 0004091
6 0000241
4 22011
6 8625206
4 90001
2 005
1 09
6 3326425
0 1
5 100201
6 0000003
2 131
6 1892551
3 3316
3 1122
2 121
6 3001502
4 60809
4 14522
3 0006
4 99726
6 4700002
6 0000441
6 9999999
5 501805
3 8301
6 0000001
0 1
6 2202022
3 0001
6 1111111
6 8862994
1 33
6 0005401
4 00101
6 0070001
6 0000001
6 9617214
1 71
6 9004001
1 81
6 4000361
4 90301
6 0000001
6 0202011
6 0000001
6 0077001
6 7800001
6 0210012
6 9000001
6 6122931
1 01
6 0120201
3 0001
2 001
1 01
3 0289
6 2121211
6 9300901
6 4000076
3 3001
5 515148
6 0000006
6 1604603
4 00521
1 11
1 33
0 6
6 2020501
6 0000605
6 0000001
5 110011
2 011
4 03261
6 3003001
3 2112
6 1210112
6 0810004
6 4040001
2 008
6 7910491
6 8000001
1 01
6 7200061
6 3000001
6 9200003
5 900091
5 000005
5 384067
