100
1 4 2
1 7 7
2 5 1
10 6 4
3 1 1
3 11 9
1 7 1
19 20 15
19 3 3
18 4 1
19 5 4
1 7 2
4 1 1
5 6 3
7 19 9
16 9 1
11 19 9
10 20 10
7 1 1
4 3 2
12 20 7
1 7 5
20 8 8
4 12 3
7 12 8
1 7 4
9 4 2
9 20 12
16 8 7
14 16 5
10 3 3
10 8 7
3 9 9
19 11 10
13 3 3
20 1 1
20 10 10
9 13 4
8 3 1
18 4 4
14 11 7
13 4 3
1 7 7
1 20 10
2 11 5
10 3 2
14 18 1
12 19 17
2 18 6
7 18 15
17 3 2
1 6 4
19 10 10
17 9 4
8 11 3
20 20 10
20 9 3
1 11 2
9 6 2
16 10 1
10 7 1
6 7 6
20 10 1
20 14 6
1 6 5
11 6 2
2 5 3
20 20 1
10 11 3
11 1 1
14 19 16
11 17 13
1 6 2
1 18 3
1 20 1
18 14 12
18 13 6
3 19 9
14 1 1
10 20 1
12 13 6
1 7 3
1 7 6
10 19 10
10 7 7
1 6 1
1 19 8
16 17 12
1 6 6
20 20 20
1 6 3
12 12 7
10 20 20
11 8 5
20 16 11
1 20 20
8 1 1
3 2 2
16 2 2
11 20 12
