100
4 2
5 2
6 2
1000 1000
1000 1
328 254
425 324
283 213
5 1
999 499
363 356
756 746
1000 128
797 702
999 498
500 249
500 1
288 262
999 512
999 2
1000 501
1000 127
995 803
363 284
943 940
500 160
346 342
1000 2
500 248
575 537
732 689
500 255
600 513
2 1
2 2
292 248
500 128
999 255
512 497
384 341
999 128
353 300
1000 511
999 488
1000 453
797 664
500 256
414 366
575 530
847 772
658 518
999 1
999 256
306 275
3 2
999 127
561 486
500 116
1000 488
999 487
4 1
409 363
688 525
1000 512
420 343
1000 499
1 1
1000 500
1000 498
611 488
330 286
999 497
1000 999
500 245
1000 256
500 500
500 499
478 441
999 998
348 307
999 511
999 490
500 254
829 663
1000 489
999 313
3 1
761 594
812 679
804 758
500 127
500 107
500 117
500 2
500 244
999 999
500 250
473 450
1000 255
420 366
